latency_x = [1, 100, 200, 400, 800]
throughput_x = [1000, 2000, 4000, 8000, 16000, 32000]

# own machine client to csa2 server
latency_y = [0.013184000000000001, 0.012920999999999998, 0.014955699999999999, 0.012628899999999998, 0.0152492]
throughput_y = [158523.8261310675, 219352.36215074992, 343747.44874940376, 682035.1930159595, 1131557.730660971, 1877333.833955689]

# CSA1 client to pcvm1-24.instageni.utdallas.edu 50000 server, latency 0
latency_y = [0.12314379999999998, 0.1231179, 0.1232615, 0.12447470000000001, 0.12350630000000003]
throughput_y = [8084.009021754067, 20677.883039690165, 41233.84020031399, 57924.80057577251, 79651.76249437459, 114506.34347251222]