latency_x = [1, 100, 200, 400, 800]
throughput_x = [1000, 2000, 4000, 8000, 16000, 32000]

# own machine client to csa2 server
latency_y = [0.013184000000000001, 0.012920999999999998, 0.014955699999999999, 0.012628899999999998, 0.0152492]
throughput_y = [158523.8261310675, 219352.36215074992, 343747.44874940376, 682035.1930159595, 1131557.730660971, 1877333.833955689]

# CSA1 client to pcvm1-24.instageni.utdallas.edu 50000 server, latency 0
latency_y = [0.12314379999999998, 0.1231179, 0.1232615, 0.12447470000000001, 0.12350630000000003]
throughput_y = [8084.009021754067, 20677.883039690165, 41233.84020031399, 57924.80057577251, 79651.76249437459, 114506.34347251222]

# csa1 to pcvm1-24.instageni.utdallas.edu 50000 server, latency 50
latency_y_50 = [0.1731873, 0.1731125, 0.17331100000000002, 0.1735903, 0.1741888]
throughput_y_50 = [5746.515456689951, 13625.676770333088, 26963.953239112292, 42594.812058378324, 51501.7591069595, 80799.14393307002]

# csa1 to pcvm1-24.instageni.utdallas.edu 50000 server, latency 150
latency_y_100 = [0.2730917, 0.2730785, 0.27318169999999997, 0.2733648, 0.2739379]
throughput_y_100 = [3645.6248491622714, 8047.279375788633, 16070.562626379906, 26440.337378704953, 39768.75463399199, 63679.450382663745]

# csa1 to pcvm1-24.instageni.utdallas.edu 50000 server, latency 100
latency_y_150 = [0.22304490000000002, 0.2231814, 0.22305940000000005, 0.22322720000000001, 0.2237029]
throughput_y_150 = [4462.317513525285, 10155.155543978677, 20265.63176840436, 33650.163644952074, 49524.165626143316, 66210.0929010366]